9.911810755729675293e-01
9.911810755729675293e-01
9.911810755729675293e-01
9.911810755729675293e-01
9.745080471038818359e-01
9.745080471038818359e-01
9.745080471038818359e-01
9.745080471038818359e-01
9.745080471038818359e-01
9.864583015441894531e-01
9.864583015441894531e-01
9.864583015441894531e-01
9.895458221435546875e-01
9.895458221435546875e-01
9.895458221435546875e-01
9.895458221435546875e-01
9.996178150177001953e-01
9.996178150177001953e-01
9.996178150177001953e-01
9.996178150177001953e-01
9.996178150177001953e-01
9.996178150177001953e-01
9.996178150177001953e-01
9.996178150177001953e-01
9.996178150177001953e-01
9.996178150177001953e-01
9.996178150177001953e-01
9.996178150177001953e-01
9.996178150177001953e-01
9.996178150177001953e-01
9.996178150177001953e-01
9.996178150177001953e-01
9.996178150177001953e-01
9.996178150177001953e-01
9.996178150177001953e-01
9.946717023849487305e-01
9.957460165023803711e-01
9.957460165023803711e-01
9.957460165023803711e-01
9.963668584823608398e-01
9.935144186019897461e-01
9.959686994552612305e-01
9.747958183288574219e-01
9.747958183288574219e-01
9.747958183288574219e-01
9.747958183288574219e-01
9.747958183288574219e-01
9.941887855529785156e-01
9.897735118865966797e-01
9.897735118865966797e-01
9.895458221435546875e-01
9.988377094268798828e-01
9.880034923553466797e-01
9.908185005187988281e-01
9.974828958511352539e-01
9.895458221435546875e-01
9.944200515747070312e-01
9.792990684509277344e-01
9.792990684509277344e-01
8.953533172607421875e-01
8.953533172607421875e-01
8.953533172607421875e-01
8.953531980514526367e-01
8.953531980514526367e-01
8.953533172607421875e-01
8.953533172607421875e-01
8.953533172607421875e-01
8.953533172607421875e-01
8.953533172607421875e-01
8.953533172607421875e-01
8.953533172607421875e-01
8.953533172607421875e-01
9.901981353759765625e-01
9.901981353759765625e-01
9.901981353759765625e-01
9.330746531486511230e-01
9.814220666885375977e-01
9.814220666885375977e-01
9.814220666885375977e-01
9.814220666885375977e-01
9.814220666885375977e-01
9.814220666885375977e-01
9.814220666885375977e-01
9.814220666885375977e-01
9.814220666885375977e-01
9.814220666885375977e-01
9.814220666885375977e-01
9.814220666885375977e-01
9.814220666885375977e-01
9.814220666885375977e-01
9.814220666885375977e-01
9.814220666885375977e-01
9.814220666885375977e-01
9.814220666885375977e-01
9.814220666885375977e-01
9.814220666885375977e-01
9.814220666885375977e-01
9.814220666885375977e-01
9.814220666885375977e-01
9.814220666885375977e-01
9.814220666885375977e-01
9.814220666885375977e-01
9.814220666885375977e-01
9.814220666885375977e-01
9.814220666885375977e-01
9.814220666885375977e-01
9.814220666885375977e-01
9.814220666885375977e-01
9.814220666885375977e-01
9.814220666885375977e-01
9.814220666885375977e-01
9.814220666885375977e-01
9.814220666885375977e-01
9.941776394844055176e-01
9.934364557266235352e-01
9.330746531486511230e-01
9.330746531486511230e-01
9.330746531486511230e-01
9.330746531486511230e-01
9.505145549774169922e-01
9.846194386482238770e-01
9.591913223266601562e-01
9.761773347854614258e-01
9.761773347854614258e-01
9.761773347854614258e-01
9.135589599609375000e-01
9.135589599609375000e-01
9.509596824645996094e-01
9.433386921882629395e-01
9.732565879821777344e-01
9.903026819229125977e-01
9.688333272933959961e-01
9.688333272933959961e-01
9.135589599609375000e-01
9.405587911605834961e-01
9.405587911605834961e-01
9.509597420692443848e-01
9.794737100601196289e-01
9.822769165039062500e-01
9.591913223266601562e-01
9.393555521965026855e-01
9.393555521965026855e-01
9.393555521965026855e-01
9.393555521965026855e-01
9.509597420692443848e-01
9.509597420692443848e-01
9.781754612922668457e-01
9.781754612922668457e-01
9.781754612922668457e-01
9.135589599609375000e-01
9.135589599609375000e-01
9.135589599609375000e-01
9.767959117889404297e-01
9.910821914672851562e-01
9.135589599609375000e-01
9.135589599609375000e-01
9.120385646820068359e-01
9.592687487602233887e-01
9.592686891555786133e-01
9.592686891555786133e-01
9.592687487602233887e-01
9.592687487602233887e-01
9.592687487602233887e-01
9.592687487602233887e-01
9.592687487602233887e-01
9.592687487602233887e-01
9.990598559379577637e-01
9.990598559379577637e-01
9.990598559379577637e-01
9.990598559379577637e-01
9.990598559379577637e-01
9.990598559379577637e-01
9.990598559379577637e-01
9.990598559379577637e-01
9.990598559379577637e-01
9.990598559379577637e-01
9.120385646820068359e-01
9.732565879821777344e-01
9.972509145736694336e-01
9.972509145736694336e-01
9.972509145736694336e-01
9.972509145736694336e-01
9.972509145736694336e-01
9.972509145736694336e-01
9.972509145736694336e-01
9.972509145736694336e-01
9.787123799324035645e-01
9.787123799324035645e-01
9.787123799324035645e-01
9.787123799324035645e-01
9.787123799324035645e-01
9.787123799324035645e-01
9.787123799324035645e-01
9.787123799324035645e-01
9.901981353759765625e-01
9.901981353759765625e-01
9.901981353759765625e-01
9.634242057800292969e-01
9.634242057800292969e-01
9.634242057800292969e-01
9.901981353759765625e-01
9.505145549774169922e-01
9.505145549774169922e-01
9.505145549774169922e-01
9.120385646820068359e-01
9.505145549774169922e-01
9.505145549774169922e-01
9.120385646820068359e-01
9.732565879821777344e-01
9.422976970672607422e-01
9.422976970672607422e-01
9.191201925277709961e-01
9.737312793731689453e-01
9.755225777626037598e-01
9.349374771118164062e-01
9.349374771118164062e-01
9.349374771118164062e-01
9.349374771118164062e-01
9.349374771118164062e-01
9.505145549774169922e-01
9.505145549774169922e-01
9.505145549774169922e-01
9.505145549774169922e-01
9.505145549774169922e-01
9.505145549774169922e-01
9.505145549774169922e-01
9.505145549774169922e-01
9.505145549774169922e-01
9.349374771118164062e-01
9.349374771118164062e-01
9.349374771118164062e-01
9.509597420692443848e-01
9.911252260208129883e-01
9.120385646820068359e-01
9.120385646820068359e-01
9.120385646820068359e-01
9.591913223266601562e-01
9.591913223266601562e-01
9.505145549774169922e-01
9.135589599609375000e-01
9.509597420692443848e-01
9.361912012100219727e-01
9.361912012100219727e-01
9.361912012100219727e-01
9.361912012100219727e-01
9.361912012100219727e-01
9.828647971153259277e-01
9.828647971153259277e-01
9.828647971153259277e-01
9.120385646820068359e-01
9.120385646820068359e-01
9.120385646820068359e-01
9.814220666885375977e-01
9.422976970672607422e-01
9.422976970672607422e-01
9.422976970672607422e-01
9.422976970672607422e-01
9.422976970672607422e-01
9.422976970672607422e-01
9.614957571029663086e-01
9.330746531486511230e-01
9.330746531486511230e-01
9.711128473281860352e-01
9.120385646820068359e-01
9.120385646820068359e-01
9.330746531486511230e-01
9.330746531486511230e-01
9.330746531486511230e-01
9.330746531486511230e-01
9.330746531486511230e-01
9.330746531486511230e-01
9.971940517425537109e-01
9.971940517425537109e-01
9.971940517425537109e-01
9.971940517425537109e-01
9.971940517425537109e-01
9.971940517425537109e-01
9.120385646820068359e-01
9.120385646820068359e-01
9.754710197448730469e-01
9.754710197448730469e-01
9.891564846038818359e-01
9.505145549774169922e-01
9.505145549774169922e-01
9.505145549774169922e-01
9.505145549774169922e-01
9.888372421264648438e-01
9.509596824645996094e-01
9.765110015869140625e-01
9.765110015869140625e-01
9.891564846038818359e-01
9.637956619262695312e-01
9.637956619262695312e-01
9.612060189247131348e-01
9.612060189247131348e-01
9.612060189247131348e-01
9.780364632606506348e-01
9.828647971153259277e-01
9.509597420692443848e-01
9.393555521965026855e-01
9.393555521965026855e-01
9.505145549774169922e-01
9.509597420692443848e-01
9.509597420692443848e-01
9.393555521965026855e-01
9.393555521965026855e-01
9.349374771118164062e-01
9.349374771118164062e-01
9.349374771118164062e-01
9.120385646820068359e-01
9.120385646820068359e-01
9.120385646820068359e-01
9.941776394844055176e-01
9.941776394844055176e-01
9.891564846038818359e-01
9.891564846038818359e-01
9.891564846038818359e-01
9.891564846038818359e-01
9.891564846038818359e-01
9.302080273628234863e-01
9.135589599609375000e-01
9.449231028556823730e-01
9.592338800430297852e-01
9.135589599609375000e-01
9.135589599609375000e-01
9.135589599609375000e-01
9.515731334686279297e-01
9.515731334686279297e-01
9.404889345169067383e-01
9.404889345169067383e-01
9.404889345169067383e-01
9.848307371139526367e-01
8.953531980514526367e-01
