9.750669002532958984e-01
9.750669002532958984e-01
9.750669002532958984e-01
9.750669002532958984e-01
9.639394283294677734e-01
9.639394283294677734e-01
9.639395475387573242e-01
9.639395475387573242e-01
9.639395475387573242e-01
9.831389188766479492e-01
9.831389188766479492e-01
9.831389188766479492e-01
9.823729395866394043e-01
9.823729395866394043e-01
9.823729395866394043e-01
9.823729395866394043e-01
9.983789920806884766e-01
9.983789920806884766e-01
9.983789920806884766e-01
9.983789920806884766e-01
9.983789920806884766e-01
9.983789920806884766e-01
9.983789920806884766e-01
9.983789920806884766e-01
9.983789920806884766e-01
9.983789920806884766e-01
9.983789920806884766e-01
9.983789920806884766e-01
9.983789920806884766e-01
9.983789920806884766e-01
9.983789920806884766e-01
9.983789920806884766e-01
9.983789920806884766e-01
9.983789920806884766e-01
9.983789920806884766e-01
9.813214540481567383e-01
9.867101907730102539e-01
9.867101907730102539e-01
9.867101907730102539e-01
9.895681142807006836e-01
9.874824285507202148e-01
9.884412884712219238e-01
9.798893928527832031e-01
9.798893928527832031e-01
9.798893928527832031e-01
9.798893928527832031e-01
9.798893928527832031e-01
9.820009469985961914e-01
9.764308929443359375e-01
9.764308929443359375e-01
9.823729395866394043e-01
9.928801059722900391e-01
9.799445271492004395e-01
9.829546809196472168e-01
9.895354509353637695e-01
9.823729395866394043e-01
9.871276021003723145e-01
9.886621236801147461e-01
9.886621236801147461e-01
9.686254262924194336e-01
9.686254262924194336e-01
9.686254262924194336e-01
9.686254262924194336e-01
9.686254262924194336e-01
9.686254262924194336e-01
9.686254262924194336e-01
9.686254262924194336e-01
9.686254262924194336e-01
9.686254262924194336e-01
9.686254262924194336e-01
9.686254262924194336e-01
9.686254262924194336e-01
9.747820496559143066e-01
9.747820496559143066e-01
9.747820496559143066e-01
9.634933471679687500e-01
9.634338617324829102e-01
9.634338617324829102e-01
9.634338617324829102e-01
9.634338617324829102e-01
9.634338617324829102e-01
9.634338617324829102e-01
9.634338617324829102e-01
9.634338617324829102e-01
9.634338617324829102e-01
9.634338617324829102e-01
9.634338617324829102e-01
9.634338617324829102e-01
9.634338617324829102e-01
9.634338617324829102e-01
9.634338617324829102e-01
9.634338617324829102e-01
9.634338617324829102e-01
9.634338617324829102e-01
9.634338617324829102e-01
9.634338617324829102e-01
9.634338617324829102e-01
9.634338617324829102e-01
9.634338617324829102e-01
9.634338617324829102e-01
9.634338617324829102e-01
9.634338617324829102e-01
9.634338617324829102e-01
9.634338617324829102e-01
9.634338617324829102e-01
9.634338617324829102e-01
9.634338617324829102e-01
9.634338617324829102e-01
9.634338617324829102e-01
9.634338617324829102e-01
9.634338617324829102e-01
9.634338617324829102e-01
9.634338617324829102e-01
9.917323589324951172e-01
9.924759864807128906e-01
9.634933471679687500e-01
9.634933471679687500e-01
9.634933471679687500e-01
9.634933471679687500e-01
9.444203376770019531e-01
9.848862290382385254e-01
9.547783136367797852e-01
9.733408093452453613e-01
9.733408093452453613e-01
9.733408093452453613e-01
9.426187276840209961e-01
9.426187276840209961e-01
9.309611320495605469e-01
9.719572663307189941e-01
9.545428752899169922e-01
9.768068790435791016e-01
9.807006120681762695e-01
9.807006120681762695e-01
9.426187276840209961e-01
9.511352777481079102e-01
9.511352777481079102e-01
9.309611320495605469e-01
9.752491712570190430e-01
9.740183353424072266e-01
9.547783136367797852e-01
9.420095086097717285e-01
9.420095086097717285e-01
9.420095086097717285e-01
9.420095086097717285e-01
9.309611320495605469e-01
9.309611320495605469e-01
9.683379530906677246e-01
9.683379530906677246e-01
9.683379530906677246e-01
9.426187276840209961e-01
9.426187276840209961e-01
9.426187276840209961e-01
9.560588598251342773e-01
9.868141412734985352e-01
9.426187276840209961e-01
9.426187276840209961e-01
9.373106956481933594e-01
9.689237475395202637e-01
9.689237475395202637e-01
9.689237475395202637e-01
9.689237475395202637e-01
9.689237475395202637e-01
9.689237475395202637e-01
9.689237475395202637e-01
9.689237475395202637e-01
9.689237475395202637e-01
9.984567165374755859e-01
9.984567165374755859e-01
9.984567165374755859e-01
9.984567165374755859e-01
9.984567165374755859e-01
9.984567165374755859e-01
9.984567165374755859e-01
9.984567165374755859e-01
9.984567165374755859e-01
9.984567165374755859e-01
9.373106956481933594e-01
9.545428752899169922e-01
9.906568527221679688e-01
9.906568527221679688e-01
9.906568527221679688e-01
9.906568527221679688e-01
9.906568527221679688e-01
9.906568527221679688e-01
9.906568527221679688e-01
9.906568527221679688e-01
9.673345685005187988e-01
9.673345685005187988e-01
9.673345685005187988e-01
9.673345685005187988e-01
9.673345685005187988e-01
9.673345685005187988e-01
9.673345685005187988e-01
9.673345685005187988e-01
9.747820496559143066e-01
9.747820496559143066e-01
9.747820496559143066e-01
9.801790714263916016e-01
9.801790714263916016e-01
9.801790714263916016e-01
9.747820496559143066e-01
9.444203376770019531e-01
9.444203376770019531e-01
9.444203376770019531e-01
9.373106956481933594e-01
9.444203376770019531e-01
9.444203376770019531e-01
9.373106956481933594e-01
9.545428752899169922e-01
9.583497047424316406e-01
9.583497047424316406e-01
9.599499702453613281e-01
9.628217816352844238e-01
9.538247585296630859e-01
9.692936539649963379e-01
9.692936539649963379e-01
9.692936539649963379e-01
9.692936539649963379e-01
9.692936539649963379e-01
9.444203376770019531e-01
9.444203376770019531e-01
9.444203376770019531e-01
9.444203376770019531e-01
9.444203376770019531e-01
9.444203376770019531e-01
9.444203376770019531e-01
9.444203376770019531e-01
9.444203376770019531e-01
9.692936539649963379e-01
9.692936539649963379e-01
9.692936539649963379e-01
9.309611320495605469e-01
9.900762438774108887e-01
9.373106956481933594e-01
9.373106956481933594e-01
9.373106956481933594e-01
9.547783136367797852e-01
9.547783136367797852e-01
9.444203376770019531e-01
9.426187276840209961e-01
9.309611320495605469e-01
9.714069962501525879e-01
9.714069962501525879e-01
9.714069962501525879e-01
9.714069962501525879e-01
9.714069962501525879e-01
9.753895401954650879e-01
9.753895401954650879e-01
9.753895401954650879e-01
9.373106956481933594e-01
9.373106956481933594e-01
9.373106956481933594e-01
9.634338617324829102e-01
9.583497047424316406e-01
9.583497047424316406e-01
9.583497047424316406e-01
9.583497047424316406e-01
9.583497047424316406e-01
9.583497047424316406e-01
9.711279869079589844e-01
9.634933471679687500e-01
9.634933471679687500e-01
9.764266014099121094e-01
9.373106956481933594e-01
9.373106956481933594e-01
9.634933471679687500e-01
9.634933471679687500e-01
9.634933471679687500e-01
9.634933471679687500e-01
9.634933471679687500e-01
9.634933471679687500e-01
9.980069398880004883e-01
9.980069398880004883e-01
9.980069398880004883e-01
9.980069398880004883e-01
9.980069398880004883e-01
9.980069398880004883e-01
9.373106956481933594e-01
9.373106956481933594e-01
9.580948352813720703e-01
9.580948352813720703e-01
9.779866933822631836e-01
9.444203376770019531e-01
9.444203376770019531e-01
9.444203376770019531e-01
9.444203376770019531e-01
9.791520833969116211e-01
9.309611320495605469e-01
9.695210456848144531e-01
9.695210456848144531e-01
9.779866933822631836e-01
9.703941345214843750e-01
9.703941345214843750e-01
9.624617099761962891e-01
9.624617099761962891e-01
9.624617099761962891e-01
9.612399339675903320e-01
9.753895401954650879e-01
9.309611320495605469e-01
9.420095086097717285e-01
9.420095086097717285e-01
9.444203376770019531e-01
9.309611320495605469e-01
9.309611320495605469e-01
9.420095086097717285e-01
9.420095086097717285e-01
9.692936539649963379e-01
9.692936539649963379e-01
9.692936539649963379e-01
9.373106956481933594e-01
9.373106956481933594e-01
9.373106956481933594e-01
9.917323589324951172e-01
9.917323589324951172e-01
9.779866933822631836e-01
9.779866933822631836e-01
9.779866933822631836e-01
9.779866933822631836e-01
9.779866933822631836e-01
9.462189674377441406e-01
9.426187872886657715e-01
9.831169843673706055e-01
9.528477787971496582e-01
9.426187872886657715e-01
9.426187872886657715e-01
9.426187872886657715e-01
9.706996679306030273e-01
9.706996679306030273e-01
9.656471014022827148e-01
9.656471014022827148e-01
9.656471014022827148e-01
9.790183305740356445e-01
9.686254262924194336e-01
