9.881932735443115234e-01
9.881932735443115234e-01
9.881932735443115234e-01
9.881932735443115234e-01
9.931758642196655273e-01
9.931758642196655273e-01
9.931758642196655273e-01
9.931758642196655273e-01
9.931758642196655273e-01
7.646121978759765625e-01
7.646121978759765625e-01
7.646121978759765625e-01
9.241594076156616211e-01
9.241594076156616211e-01
9.241594076156616211e-01
9.241594076156616211e-01
9.955406188964843750e-01
9.955406188964843750e-01
9.955406188964843750e-01
9.955406188964843750e-01
9.955406188964843750e-01
9.955406188964843750e-01
9.955406188964843750e-01
9.955406188964843750e-01
9.955406188964843750e-01
9.955406188964843750e-01
9.955406188964843750e-01
9.955406188964843750e-01
9.955406188964843750e-01
9.955406188964843750e-01
9.955406188964843750e-01
9.955406188964843750e-01
9.955406188964843750e-01
9.955406188964843750e-01
9.955406188964843750e-01
5.985752940177917480e-01
7.671266794204711914e-02
7.671266794204711914e-02
7.671266794204711914e-02
9.676184654235839844e-01
8.949307799339294434e-01
9.877137541770935059e-01
9.427800178527832031e-01
9.427800178527832031e-01
9.427800178527832031e-01
9.427800178527832031e-01
9.427800178527832031e-01
9.871478080749511719e-01
9.226915836334228516e-01
9.226915836334228516e-01
9.241594076156616211e-01
9.314318895339965820e-01
9.804523587226867676e-01
8.910819292068481445e-01
2.860740125179290771e-01
9.241594076156616211e-01
8.313596844673156738e-01
7.997064590454101562e-01
7.997064590454101562e-01
9.439024925231933594e-01
9.439024925231933594e-01
9.439024925231933594e-01
9.439024925231933594e-01
9.439024925231933594e-01
9.439024925231933594e-01
9.439024925231933594e-01
9.439024925231933594e-01
9.439024925231933594e-01
9.439024925231933594e-01
9.439024925231933594e-01
9.439024925231933594e-01
9.439024925231933594e-01
9.921129345893859863e-01
9.921129345893859863e-01
9.921129345893859863e-01
9.765400886535644531e-01
9.948724508285522461e-01
9.948724508285522461e-01
9.948724508285522461e-01
9.948724508285522461e-01
9.948724508285522461e-01
9.948724508285522461e-01
9.948724508285522461e-01
9.948724508285522461e-01
9.948724508285522461e-01
9.948724508285522461e-01
9.948724508285522461e-01
9.948724508285522461e-01
9.948724508285522461e-01
9.948724508285522461e-01
9.948724508285522461e-01
9.948724508285522461e-01
9.948724508285522461e-01
9.948724508285522461e-01
9.948724508285522461e-01
9.948724508285522461e-01
9.948724508285522461e-01
9.948724508285522461e-01
9.948724508285522461e-01
9.948724508285522461e-01
9.948724508285522461e-01
9.948724508285522461e-01
9.948724508285522461e-01
9.948724508285522461e-01
9.948724508285522461e-01
9.948724508285522461e-01
9.948724508285522461e-01
9.948724508285522461e-01
9.948724508285522461e-01
9.948724508285522461e-01
9.948724508285522461e-01
9.948724508285522461e-01
9.948724508285522461e-01
9.975899457931518555e-01
8.542816638946533203e-01
9.765400886535644531e-01
9.765400886535644531e-01
9.765400886535644531e-01
9.765400886535644531e-01
9.641492366790771484e-01
9.981600046157836914e-01
9.784175753593444824e-01
8.444973826408386230e-01
8.444973826408386230e-01
8.444973826408386230e-01
5.378752350807189941e-01
5.378752350807189941e-01
9.947966337203979492e-01
9.888828992843627930e-01
9.917756319046020508e-01
9.987633228302001953e-01
9.982407093048095703e-01
9.982407093048095703e-01
5.378752350807189941e-01
9.992865324020385742e-01
9.992865324020385742e-01
9.947966337203979492e-01
9.786604642868041992e-01
9.649173021316528320e-01
9.784175753593444824e-01
9.123528003692626953e-01
9.123528003692626953e-01
9.123528003692626953e-01
9.123528003692626953e-01
9.947966337203979492e-01
9.947966337203979492e-01
9.713483452796936035e-01
9.713483452796936035e-01
9.713483452796936035e-01
5.378752350807189941e-01
5.378752350807189941e-01
5.378752350807189941e-01
9.975111484527587891e-01
7.226374745368957520e-01
5.378752350807189941e-01
5.378752350807189941e-01
9.446184635162353516e-01
9.968497753143310547e-01
9.968497753143310547e-01
9.968497753143310547e-01
9.968497753143310547e-01
9.968497753143310547e-01
9.968497753143310547e-01
9.968497753143310547e-01
9.968497753143310547e-01
9.968497753143310547e-01
9.988012909889221191e-01
9.988012909889221191e-01
9.988012909889221191e-01
9.988012909889221191e-01
9.988012909889221191e-01
9.988012909889221191e-01
9.988012909889221191e-01
9.988012909889221191e-01
9.988012909889221191e-01
9.988012909889221191e-01
9.446184635162353516e-01
9.917756319046020508e-01
9.866116046905517578e-01
9.866116046905517578e-01
9.866116046905517578e-01
9.866116046905517578e-01
9.866116046905517578e-01
9.866116046905517578e-01
9.866116046905517578e-01
9.866116046905517578e-01
9.991707801818847656e-01
9.991707801818847656e-01
9.991707801818847656e-01
9.991707801818847656e-01
9.991707801818847656e-01
9.991707801818847656e-01
9.991707801818847656e-01
9.991707801818847656e-01
9.921129345893859863e-01
9.921129345893859863e-01
9.921129345893859863e-01
9.923342466354370117e-01
9.923342466354370117e-01
9.923342466354370117e-01
9.921129345893859863e-01
9.641492366790771484e-01
9.641492366790771484e-01
9.641492366790771484e-01
9.446184635162353516e-01
9.641492366790771484e-01
9.641492366790771484e-01
9.446184635162353516e-01
9.917756319046020508e-01
9.910565614700317383e-01
9.910565614700317383e-01
9.982947111129760742e-01
9.981784224510192871e-01
2.473076283931732178e-01
9.818866252899169922e-01
9.818866252899169922e-01
9.818866252899169922e-01
9.818866252899169922e-01
9.818866252899169922e-01
9.641492366790771484e-01
9.641492366790771484e-01
9.641492366790771484e-01
9.641492366790771484e-01
9.641492366790771484e-01
9.641492366790771484e-01
9.641492366790771484e-01
9.641492366790771484e-01
9.641492366790771484e-01
9.818866252899169922e-01
9.818866252899169922e-01
9.818866252899169922e-01
9.947966337203979492e-01
9.987729787826538086e-01
9.446184635162353516e-01
9.446184635162353516e-01
9.446184635162353516e-01
9.784175753593444824e-01
9.784175753593444824e-01
9.641492366790771484e-01
5.378752350807189941e-01
9.947966337203979492e-01
9.917057752609252930e-01
9.917057752609252930e-01
9.917057752609252930e-01
9.917057752609252930e-01
9.917057752609252930e-01
7.057065963745117188e-01
7.057065963745117188e-01
7.057065963745117188e-01
9.446184635162353516e-01
9.446184635162353516e-01
9.446184635162353516e-01
9.948724508285522461e-01
9.910565614700317383e-01
9.910565614700317383e-01
9.910565614700317383e-01
9.910565614700317383e-01
9.910565614700317383e-01
9.910565614700317383e-01
9.752712249755859375e-01
9.765400886535644531e-01
9.765400886535644531e-01
9.919943213462829590e-01
9.446184635162353516e-01
9.446184635162353516e-01
9.765400886535644531e-01
9.765400886535644531e-01
9.765400886535644531e-01
9.765400886535644531e-01
9.765400886535644531e-01
9.765400886535644531e-01
9.991235733032226562e-01
9.991235733032226562e-01
9.991235733032226562e-01
9.991235733032226562e-01
9.991235733032226562e-01
9.991235733032226562e-01
9.446184635162353516e-01
9.446184635162353516e-01
9.872402548789978027e-01
9.872402548789978027e-01
9.910501837730407715e-01
9.641492366790771484e-01
9.641492366790771484e-01
9.641492366790771484e-01
9.641492366790771484e-01
9.986780881881713867e-01
9.947966337203979492e-01
9.949080944061279297e-01
9.949080944061279297e-01
9.910501837730407715e-01
9.989008903503417969e-01
9.989008903503417969e-01
9.525011181831359863e-01
9.525011181831359863e-01
9.525011181831359863e-01
9.988499283790588379e-01
7.057065963745117188e-01
9.947966337203979492e-01
9.123528003692626953e-01
9.123528003692626953e-01
9.641492366790771484e-01
9.947966337203979492e-01
9.947966337203979492e-01
9.123528003692626953e-01
9.123528003692626953e-01
9.818866252899169922e-01
9.818866252899169922e-01
9.818866252899169922e-01
9.446184635162353516e-01
9.446184635162353516e-01
9.446184635162353516e-01
9.975899457931518555e-01
9.975899457931518555e-01
9.910501837730407715e-01
9.910501837730407715e-01
9.910501837730407715e-01
9.910501837730407715e-01
9.910501837730407715e-01
9.526411890983581543e-01
5.378752350807189941e-01
9.969178438186645508e-01
9.959264397621154785e-01
5.378752350807189941e-01
5.378752350807189941e-01
5.378752350807189941e-01
9.270190000534057617e-01
9.270190000534057617e-01
9.066824316978454590e-01
9.066824316978454590e-01
9.066824316978454590e-01
9.924701452255249023e-01
9.439024925231933594e-01
