9.809477329254150391e-01
9.809477329254150391e-01
9.809477329254150391e-01
9.809477329254150391e-01
9.722702503204345703e-01
9.722702503204345703e-01
9.722702503204345703e-01
9.722702503204345703e-01
9.722702503204345703e-01
9.806115627288818359e-01
9.806115627288818359e-01
9.806115627288818359e-01
9.895309805870056152e-01
9.895309805870056152e-01
9.895309805870056152e-01
9.895309805870056152e-01
9.990665912628173828e-01
9.990665912628173828e-01
9.990665912628173828e-01
9.990665912628173828e-01
9.990665912628173828e-01
9.990665912628173828e-01
9.990665912628173828e-01
9.990665912628173828e-01
9.990665912628173828e-01
9.990665912628173828e-01
9.990665912628173828e-01
9.990665912628173828e-01
9.990665912628173828e-01
9.990665912628173828e-01
9.990665912628173828e-01
9.990665912628173828e-01
9.990665912628173828e-01
9.990665912628173828e-01
9.990665912628173828e-01
9.687190055847167969e-01
9.222764968872070312e-01
9.222764968872070312e-01
9.222764968872070312e-01
9.866300225257873535e-01
9.807001948356628418e-01
9.747402667999267578e-01
9.928539991378784180e-01
9.928539991378784180e-01
9.928539991378784180e-01
9.928539991378784180e-01
9.928539991378784180e-01
9.901578426361083984e-01
9.911069273948669434e-01
9.911069273948669434e-01
9.895309805870056152e-01
9.509208202362060547e-01
9.808853268623352051e-01
9.871404767036437988e-01
9.815591573715209961e-01
9.895309805870056152e-01
9.880335330963134766e-01
9.911214113235473633e-01
9.911214113235473633e-01
9.371684789657592773e-01
9.371684789657592773e-01
9.371684789657592773e-01
9.371684789657592773e-01
9.371684789657592773e-01
9.371684789657592773e-01
9.371684789657592773e-01
9.371684789657592773e-01
9.371684789657592773e-01
9.371684789657592773e-01
9.371684789657592773e-01
9.371684789657592773e-01
9.371684789657592773e-01
9.494105577468872070e-01
9.494105577468872070e-01
9.494105577468872070e-01
9.661080837249755859e-01
9.395920038223266602e-01
9.395920038223266602e-01
9.395920038223266602e-01
9.395920038223266602e-01
9.395920038223266602e-01
9.395920038223266602e-01
9.395920038223266602e-01
9.395920038223266602e-01
9.395920038223266602e-01
9.395920038223266602e-01
9.395920038223266602e-01
9.395920038223266602e-01
9.395920038223266602e-01
9.395920038223266602e-01
9.395920038223266602e-01
9.395920038223266602e-01
9.395920038223266602e-01
9.395920038223266602e-01
9.395920038223266602e-01
9.395920038223266602e-01
9.395920038223266602e-01
9.395920038223266602e-01
9.395920038223266602e-01
9.395920038223266602e-01
9.395920038223266602e-01
9.395920038223266602e-01
9.395920038223266602e-01
9.395920038223266602e-01
9.395920038223266602e-01
9.395920038223266602e-01
9.395920038223266602e-01
9.395920038223266602e-01
9.395920038223266602e-01
9.395920038223266602e-01
9.395920038223266602e-01
9.395920038223266602e-01
9.395920038223266602e-01
9.663849472999572754e-01
9.654884338378906250e-01
9.661080837249755859e-01
9.661080837249755859e-01
9.661080837249755859e-01
9.661080837249755859e-01
9.394936561584472656e-01
9.718773365020751953e-01
9.344452619552612305e-01
8.728821277618408203e-01
8.728821277618408203e-01
8.728821277618408203e-01
8.341110944747924805e-01
8.341110944747924805e-01
8.935278058052062988e-01
9.840160012245178223e-01
9.170053005218505859e-01
9.280025362968444824e-01
9.466711282730102539e-01
9.466711282730102539e-01
8.341110944747924805e-01
9.531283378601074219e-01
9.531283378601074219e-01
8.935278058052062988e-01
9.423334598541259766e-01
8.815778493881225586e-01
9.344452619552612305e-01
8.923025131225585938e-01
8.923025131225585938e-01
8.923025131225585938e-01
8.923025131225585938e-01
8.935278058052062988e-01
8.935278058052062988e-01
9.464995861053466797e-01
9.464995861053466797e-01
9.464995861053466797e-01
8.341110944747924805e-01
8.341110944747924805e-01
8.341110944747924805e-01
9.549272060394287109e-01
9.604431390762329102e-01
8.341110944747924805e-01
8.341110944747924805e-01
8.839211463928222656e-01
9.678316116333007812e-01
9.678316116333007812e-01
9.678316116333007812e-01
9.678316116333007812e-01
9.678316116333007812e-01
9.678316116333007812e-01
9.678316116333007812e-01
9.678316116333007812e-01
9.678316116333007812e-01
9.984611868858337402e-01
9.984611868858337402e-01
9.984611868858337402e-01
9.984611868858337402e-01
9.984611868858337402e-01
9.984611868858337402e-01
9.984611868858337402e-01
9.984611868858337402e-01
9.984611868858337402e-01
9.984611868858337402e-01
8.839211463928222656e-01
9.170053005218505859e-01
9.362436532974243164e-01
9.362436532974243164e-01
9.362436532974243164e-01
9.362436532974243164e-01
9.362436532974243164e-01
9.362436532974243164e-01
9.362436532974243164e-01
9.362436532974243164e-01
9.586144089698791504e-01
9.586144089698791504e-01
9.586144089698791504e-01
9.586144089698791504e-01
9.586144089698791504e-01
9.586144089698791504e-01
9.586144089698791504e-01
9.586144089698791504e-01
9.494105577468872070e-01
9.494105577468872070e-01
9.494105577468872070e-01
9.730380773544311523e-01
9.730380773544311523e-01
9.730380773544311523e-01
9.494105577468872070e-01
9.394936561584472656e-01
9.394936561584472656e-01
9.394936561584472656e-01
8.839211463928222656e-01
9.394936561584472656e-01
9.394936561584472656e-01
8.839211463928222656e-01
9.170053005218505859e-01
9.319947361946105957e-01
9.319947361946105957e-01
9.324746131896972656e-01
9.670351743698120117e-01
7.116071581840515137e-01
9.613959789276123047e-01
9.613959789276123047e-01
9.613959789276123047e-01
9.613959789276123047e-01
9.613959789276123047e-01
9.394936561584472656e-01
9.394936561584472656e-01
9.394936561584472656e-01
9.394937157630920410e-01
9.394937157630920410e-01
9.394936561584472656e-01
9.394936561584472656e-01
9.394936561584472656e-01
9.394936561584472656e-01
9.613959789276123047e-01
9.613959789276123047e-01
9.613959789276123047e-01
8.935278058052062988e-01
9.758836030960083008e-01
8.839211463928222656e-01
8.839211463928222656e-01
8.839211463928222656e-01
9.344452619552612305e-01
9.344452619552612305e-01
9.394936561584472656e-01
8.341110944747924805e-01
8.935278058052062988e-01
9.666028022766113281e-01
9.666028022766113281e-01
9.666028022766113281e-01
9.666028022766113281e-01
9.666028022766113281e-01
8.956996202468872070e-01
8.956996202468872070e-01
8.956996202468872070e-01
8.839211463928222656e-01
8.839211463928222656e-01
8.839211463928222656e-01
9.395920038223266602e-01
9.319947361946105957e-01
9.319947361946105957e-01
9.319947361946105957e-01
9.319947361946105957e-01
9.319947361946105957e-01
9.319947361946105957e-01
9.626803398132324219e-01
9.661080837249755859e-01
9.661080837249755859e-01
9.842352867126464844e-01
8.839211463928222656e-01
8.839211463928222656e-01
9.661080837249755859e-01
9.661080837249755859e-01
9.661080837249755859e-01
9.661080837249755859e-01
9.661080837249755859e-01
9.661080837249755859e-01
9.989444017410278320e-01
9.989444017410278320e-01
9.989444017410278320e-01
9.989444017410278320e-01
9.989444017410278320e-01
9.989444017410278320e-01
8.839211463928222656e-01
8.839211463928222656e-01
6.929025053977966309e-01
6.929025053977966309e-01
8.769935369491577148e-01
9.394936561584472656e-01
9.394936561584472656e-01
9.394936561584472656e-01
9.394936561584472656e-01
9.706232547760009766e-01
8.935278058052062988e-01
9.580895900726318359e-01
9.580895900726318359e-01
8.769935369491577148e-01
9.507250189781188965e-01
9.507250189781188965e-01
9.621561765670776367e-01
9.621561765670776367e-01
9.621561765670776367e-01
9.602977037429809570e-01
8.956996202468872070e-01
8.935278058052062988e-01
8.923025131225585938e-01
8.923025131225585938e-01
9.394936561584472656e-01
8.935278058052062988e-01
8.935278058052062988e-01
8.923025131225585938e-01
8.923025131225585938e-01
9.613959789276123047e-01
9.613959789276123047e-01
9.613959789276123047e-01
8.839211463928222656e-01
8.839211463928222656e-01
8.839211463928222656e-01
9.663849472999572754e-01
9.663849472999572754e-01
8.769935369491577148e-01
8.769935369491577148e-01
8.769935369491577148e-01
8.769935369491577148e-01
8.769935369491577148e-01
9.048634171485900879e-01
8.341110944747924805e-01
9.874329566955566406e-01
9.557777643203735352e-01
8.341110944747924805e-01
8.341110944747924805e-01
8.341110944747924805e-01
8.492051959037780762e-01
8.492051959037780762e-01
9.523597359657287598e-01
9.523597359657287598e-01
9.523597955703735352e-01
8.940776586532592773e-01
9.371684789657592773e-01
